15835925;1380156.0;  0.0000005606660; 187.0510;
15836245;1378394.0;  0.0000005708350; 185.2480;
15836565;1376632.0;  0.0000005816420; 177.7680;
15836875;1374870.0;  0.0000005925450; 179.9120;
15837195;1373108.0;  0.0000006036630; 179.9130;
15837515;1371346.0;  0.0000006151550; 177.4950;
15837835;1369584.0;  0.0000006269650; 176.1890;
15838165;1367823.0;  0.0000006391080; 174.8280;
15838485;1366061.0;  0.0000006514660; 175.2500;
15838805;1364299.0;  0.0000006642320; 173.3730;
15839125;1362538.0;  0.0000006771250; 175.1330;
15839435;1360777.0;  0.0000006903530; 174.1860;
15839755;1359016.0;  0.0000007035470; 178.1210;
15840075;1357255.0;  0.0000007171650; 176.0660;
15840395;1355494.0;  0.0000007313850; 172.1020;
15840725;1353733.0;  0.0000007456600; 175.1640;
15841045;1351972.0;  0.0000007603020; 174.2800;
15841365;1350211.0;  0.0000007751180; 175.7320;
15841685;1348451.0;  0.0000007900790; 177.5380;
15841995;1346690.0;  0.0000008056600; 173.9810;
15842315;1344930.0;  0.0000008216990; 172.7450;
15842635;1343169.0;  0.0000008379590; 173.9190;
15842955;1341409.0;  0.0000008546780; 172.6660;
15843275;1339649.0;  0.0000008720200; 169.9800;
15843605;1337889.0;  0.0000008897780; 169.5230;
15843925;1336129.0;  0.0000009081760; 167.1500;
15844245;1334369.0;  0.0000009266040; 170.6220;
15844565;1332609.0;  0.0000009456280; 168.8060;
15844875;1330850.0;  0.0000009649960; 169.3490;
15845195;1329090.0;  0.0000009845740; 171.0800;
15845515;1327331.0;  0.0000010046300; 170.5370;
15845835;1325571.0;  0.0000010253000; 169.0120;
15846165;1323812.0;  0.0000010465200; 168.4430;
15846485;1322053.0;  0.0000010683200; 167.4660;
15846805;1320294.0;  0.0000010906300; 167.1770;
15847125;1318535.0;  0.0000011138100; 164.4350;
15847435;1316776.0;  0.0000011371200; 167.1280;
15847755;1315017.0;  0.0000011612200; 165.2440;
15848075;1313258.0;  0.0000011858000; 165.7270;
15848395;1311500.0;  0.0000012106000; 167.8660;
15848725;1309741.0;  0.0000012359400; 167.8210;
15849045;1307983.0;  0.0000012618800; 167.5640;
15849365;1306225.0;  0.0000012882700; 168.3340;
15849685;1304467.0;  0.0000013152300; 168.4770;
15849995;1302708.0;  0.0000013430700; 166.7250;
15850315;1300950.0;  0.0000013714900; 166.9960;
15850755;1298588.0;  0.0000014102400; 169.3810;
15851065;1296831.0;  0.0000014397700; 169.0290;
15851385;1295073.0;  0.0000014699900; 168.7720;
15851705;1293315.0;  0.0000015011700; 167.3220;
15852025;1291558.0;  0.0000015328800; 168.1640;
15852355;1289801.0;  0.0000015653500; 167.8720;
15852675;1288043.0;  0.0000015985800; 167.6720;
15852995;1286286.0;  0.0000016324800; 167.9290;
15853315;1284529.0;  0.0000016675500; 166.1810;
15853625;1282772.0;  0.0000017037200; 164.7080;
15853945;1281015.0;  0.0000017407200; 164.6810;
15854265;1279259.0;  0.0000017786200; 164.4060;
15854585;1277502.0;  0.0000018172700; 164.8630;
15854915;1275745.0;  0.0000018566800; 165.3070;
15855235;1273989.0;  0.0000018969400; 165.6440;
15855555;1272233.0;  0.0000019381200; 165.5930;
15855875;1270476.0;  0.0000019800500; 166.2750;
15856185;1268720.0;  0.0000020232200; 165.1930;
15856505;1266964.0;  0.0000020671400; 166.0120;
15856825;1265208.0;  0.0000021120800; 165.9140;
15857145;1263452.0;  0.0000021582600; 165.2850;
15857475;1261697.0;  0.0000022054700; 165.3800;
15857795;1259941.0;  0.0000022537100; 165.4960;
15858115;1258186.0;  0.0000023027200; 166.6010;
15858435;1256430.0;  0.0000023528500; 166.5660;
15858755;1254675.0;  0.0000024038500; 167.5460;
15859065;1252920.0;  0.0000024556800; 168.5630;
15859385;1251165.0;  0.0000025084700; 169.2160;
15859705;1249410.0;  0.0000025624200; 169.2900;
15860025;1247655.0;  0.0000026172000; 170.4230;
15860355;1245900.0;  0.0000026732300; 170.3210;
15860675;1244145.0;  0.0000027304400; 170.6610;
15860995;1242391.0;  0.0000027889200; 170.7100;
15861315;1240636.0;  0.0000028486300; 170.8780;
15861625;1238882.0;  0.0000029095500; 171.2410;
15861945;1237128.0;  0.0000029715500; 171.9980;
15862265;1235373.0;  0.0000030351500; 171.3820;
15862585;1233619.0;  0.0000031002700; 171.2510;
15862915;1231865.0;  0.0000031670200; 170.8130;
15863235;1230112.0;  0.0000032349400; 171.6350;
15863555;1228358.0;  0.0000033039900; 172.5680;
15863875;1226604.0;  0.0000033746000; 172.5140;
15864185;1224851.0;  0.0000034469900; 172.1550;
15864505;1223097.0;  0.0000035211800; 171.7440;
15864825;1221344.0;  0.0000035972900; 171.1610;
15865145;1219591.0;  0.0000036749900; 171.4390;
15865475;1217838.0;  0.0000037543400; 171.6470;
15865795;1216085.0;  0.0000038354600; 171.6920;
15866115;1214332.0;  0.0000039181300; 172.3490;
15866435;1212579.0;  0.0000040027800; 172.1160;
15866755;1210826.0;  0.0000040892500; 172.2850;
15867065;1209074.0;  0.0000041777000; 172.2210;
15867375;1207404.0;  0.0000042642800; 171.3060;
15867695;1205651.0;  0.0000043573800; 170.9250;
15868015;1203899.0;  0.0000044526700; 170.9260;
15868335;1202147.0;  0.0000045504400; 170.3900;
15868655;1200395.0;  0.0000046502100; 170.7890;
15868975;1198643.0;  0.0000047525000; 170.3890;
15869295;1196891.0;  0.0000048569800; 170.6270;
15869615;1195139.0;  0.0000049638100; 170.7080;
15869935;1193388.0;  0.0000050732600; 170.5300;
15870255;1191636.0;  0.0000051853000; 170.4210;
15870575;1189885.0;  0.0000052996300; 170.8410;
15870895;1188134.0;  0.0000054165000; 170.9530;
15871215;1186383.0;  0.0000055364400; 170.4260;
15871535;1184632.0;  0.0000056589300; 170.8140;
15871855;1182881.0;  0.0000057846700; 170.2500;
15872175;1181130.0;  0.0000059133200; 170.2400;
15872495;1179379.0;  0.0000060453200; 169.7680;
15872815;1177629.0;  0.0000061807300; 169.3530;
15873135;1175878.0;  0.0000063193800; 169.2590;
15873455;1174128.0;  0.0000064614000; 169.1820;
15873775;1172378.0;  0.0000066064400; 169.5430;
15874095;1170628.0;  0.0000067547500; 169.6610;
15874415;1168878.0;  0.0000069067600; 169.4160;
15874735;1167128.0;  0.0000070622500; 169.4940;
15875055;1165378.0;  0.0000072216200; 169.2490;
15875375;1163628.0;  0.0000073849300; 169.1330;
15875695;1161879.0;  0.0000075524800; 168.7510;
15876015;1160129.0;  0.0000077238300; 168.9000;
15876335;1158380.0;  0.0000078989000; 169.2000;
15876655;1156631.0;  0.0000080778300; 169.4470;
15876975;1154881.0;  0.0000082608600; 169.6470;
15877295;1153133.0;  0.0000084479400; 169.8800;
15877615;1151384.0;  0.0000086390800; 170.1840;
15877935;1149635.0;  0.0000088351500; 169.8090;
15878255;1147886.0;  0.0000090357200; 169.9220;
15878575;1146138.0;  0.0000092409700; 169.9680;
15878895;1144389.0;  0.0000094510400; 170.0750;
15879215;1142641.0;  0.0000096655200; 170.5010;
15879535;1140893.0;  0.0000098844700; 170.9630;
15879855;1139145.0;  0.0000101085000; 170.9950;
15880175;1137397.0;  0.0000103377000; 171.1110;
15880495;1135649.0;  0.0000105722000; 171.1540;
15880815;1133901.0;  0.0000108115000; 171.7740;
15881135;1132154.0;  0.0000110564000; 171.8500;
15881455;1130406.0;  0.0000113067000; 172.0180;
15881775;1128659.0;  0.0000115628000; 172.1220;
15882095;1126911.0;  0.0000118247000; 172.2210;
15882415;1125164.0;  0.0000120927000; 172.3390;
15882735;1123417.0;  0.0000123669000; 172.4280;
15883055;1121670.0;  0.0000126471000; 172.7660;
15883375;1119924.0;  0.0000129333000; 173.0740;
15883695;1118177.0;  0.0000132255000; 173.4970;
15883995;1116512.0;  0.0000135103000; 173.4920;
15884315;1114766.0;  0.0000138156000; 173.8950;
15884635;1113020.0;  0.0000141273000; 174.2810;
15884965;1111273.0;  0.0000144459000; 174.5190;
15885285;1109527.0;  0.0000147718000; 174.5940;
15885595;1107781.0;  0.0000151054000; 174.5830;
15885915;1106036.0;  0.0000154460000; 174.9920;
15886245;1104290.0;  0.0000157938000; 175.4650;
15886565;1102544.0;  0.0000161491000; 175.7580;
15886875;1100799.0;  0.0000165120000; 176.1510;
15887195;1099053.0;  0.0000168826000; 176.4620;
15887525;1097308.0;  0.0000172608000; 176.9850;
15887845;1095563.0;  0.0000176470000; 177.3330;
15888155;1093818.0;  0.0000180417000; 177.6180;
15888475;1092073.0;  0.0000184448000; 177.9660;
15888805;1090328.0;  0.0000188568000; 178.1680;
15889125;1088584.0;  0.0000192777000; 178.4660;
15889435;1086839.0;  0.0000197078000; 178.7110;
15889755;1085095.0;  0.0000201464000; 179.2750;
15890085;1083351.0;  0.0000205945000; 179.6090;
15890405;1081606.0;  0.0000210520000; 179.9960;
15890715;1079862.0;  0.0000215193000; 180.3010;
15891035;1078119.0;  0.0000219967000; 180.5210;
15891365;1076375.0;  0.0000224846000; 180.7600;
15891685;1074631.0;  0.0000229823000; 181.3430;
15891995;1072888.0;  0.0000234900000; 181.8260;
15892315;1071144.0;  0.0000240081000; 182.3000;
15892635;1069401.0;  0.0000245371000; 182.6000;
15892965;1067658.0;  0.0000250770000; 183.0360;
15893285;1065915.0;  0.0000256282000; 183.3910;
15893595;1064172.0;  0.0000261908000; 183.8590;
15893915;1062429.0;  0.0000267646000; 184.3550;
15894245;1060686.0;  0.0000273507000; 184.6320;
15894565;1058944.0;  0.0000279485000; 185.1030;
15894875;1057202.0;  0.0000285585000; 185.5430;
15895195;1055459.0;  0.0000291807000; 186.0490;
15895525;1053717.0;  0.0000298153000; 186.5670;
15895845;1051975.0;  0.0000304628000; 187.0220;
15896155;1050233.0;  0.0000311238000; 187.3120;
15896475;1048491.0;  0.0000317978000; 187.8660;
15896805;1046750.0;  0.0000324857000; 188.2020;
15897125;1045008.0;  0.0000331875000; 188.6410;
15897435;1043267.0;  0.0000339037000; 189.0750;
15897755;1041526.0;  0.0000346346000; 189.4130;
15898085;1039784.0;  0.0000353806000; 189.7460;
15898405;1038043.0;  0.0000361422000; 190.0430;
15898715;1036303.0;  0.0000369195000; 190.3630;
15899035;1034562.0;  0.0000377125000; 190.8490;
15899365;1032821.0;  0.0000385220000; 191.1270;
15899685;1031081.0;  0.0000393484000; 191.4090;
15899995;1029340.0;  0.0000401919000; 191.7080;
15900315;1027600.0;  0.0000410526000; 192.0990;
15900625;1025942.0;  0.0000418892000; 192.3460;
15900945;1024202.0;  0.0000427852000; 192.6960;
15901265;1022462.0;  0.0000436994000; 193.0610;
15901585;1020722.0;  0.0000446330000; 193.2830;
15901905;1018982.0;  0.0000455861000; 193.5280;
15902225;1017243.0;  0.0000465587000; 193.8520;
15902545;1015504.0;  0.0000475519000; 194.0690;
15902865;1013764.0;  0.0000485661000; 194.3420;
15903185;1012025.0;  0.0000496011000; 194.6560;
15903505;1010286.0;  0.0000506582000; 194.8070;
15903825;1008548.0;  0.0000517386000; 194.8710;
15904145;1006809.0;  0.0000528426000; 194.9290;
15904465;1005070.0;  0.0000539683000; 195.4270;
15904785;1003332.0;  0.0000551002000; 198.6640;
15905105;1001594.0;  0.0000562712000; 196.2730;
15905425; 999855.5;  0.0000574641000; 196.9390;
15905745; 998117.5;  0.0000586754000; 198.2140;
15906065; 996379.6;  0.0000598894000; 202.0390;
15906385; 994641.9;  0.0000611236000; 203.0110;
15906705; 992904.2;  0.0000623902000; 202.0920;
15907025; 991166.8;  0.0000636684000; 204.5560;
15907345; 989429.4;  0.0000649896000; 202.1820;
15907665; 987692.2;  0.0000663381000; 202.3750;
15907985; 985955.1;  0.0000676861000; 206.7700;
15908305; 984218.2;  0.0000690929000; 202.4030;
15908625; 982481.4;  0.0000705325000; 202.1020;
15908945; 980744.7;  0.0000719663000; 207.2360;
15909265; 979008.2;  0.0000734540000; 204.0390;
15909585; 977271.8;  0.0000749957000; 201.2060;
15909905; 975535.5;  0.0000765686000; 201.5320;
15910225; 973799.4;  0.0000781868000; 200.2050;
15910545; 972063.4;  0.0000797940000; 205.9040;
15910865; 970327.6;  0.0000814961000; 198.7550;
15911185; 968591.8;  0.0000832438000; 197.9030;
15911505; 966856.3;  0.0000850247000; 198.5400;
15911825; 965120.8;  0.0000868920000; 193.6880;
15912145; 963385.5;  0.0000888033000; 193.5610;
15912465; 961650.3;  0.0000907729000; 192.1730;
15912785; 959915.3;  0.0000928063000; 190.4930;
15913105; 958180.4;  0.0000948910000; 190.1430;
15913425; 956445.7;  0.0000970467000; 188.2270;
15913745; 954711.1;  0.0000992558000; 188.0320;
15914065; 952976.6;  0.0001015270000; 187.2260;
15914385; 951242.3;  0.0001038660000; 186.1580;
15914705; 949508.1;  0.0001062930000; 183.8050;
15915025; 947774.0;  0.0001087750000; 184.0560;
15915345; 946040.1;  0.0001113580000; 181.2750;
15915665; 944306.3;  0.0001139800000; 182.9010;
15915985; 942572.7;  0.0001166450000; 184.3040;
15916305; 940839.2;  0.0001194180000; 181.5140;
15916625; 939105.9;  0.0001222410000; 182.7440;
15916945; 937372.6;  0.0001251600000; 181.0300;
15917255; 935720.8;  0.0001279830000; 182.6530;
15917565; 933987.9;  0.0001310910000; 178.4480;
15917885; 932255.1;  0.0001342410000; 180.4120;
15918215; 930522.4;  0.0001374610000; 180.9270;
15918535; 928789.9;  0.0001407470000; 181.6970;
15918845; 927057.6;  0.0001441660000; 179.0450;
15919165; 925325.4;  0.0001476510000; 180.0320;
15919495; 923593.3;  0.0001512440000; 179.0390;
15919815; 921861.3;  0.0001549440000; 178.3020;
15920125; 920129.6;  0.0001587500000; 177.7260;
15920445; 918397.9;  0.0001626130000; 179.5630;
15920775; 916666.4;  0.0001666060000; 178.1210;
15921095; 914935.1;  0.0001707250000; 177.0870;
15921405; 913203.8;  0.0001750050000; 174.8570;
15921725; 911472.8;  0.0001794240000; 173.8270;
15922055; 909741.9;  0.0001839870000; 172.7320;
15922375; 908011.1;  0.0001887150000; 171.1870;
15922685; 906280.5;  0.0001935760000; 170.9380;
15923005; 904550.0;  0.0001986420000; 168.4280;
15923335; 902819.6;  0.0002038750000; 167.5570;
15923655; 901089.5;  0.0002093180000; 165.5170;
15923965; 899359.4;  0.0002149440000; 164.5720;
15924285; 897629.5;  0.0002207540000; 163.8460;
15924615; 895899.8;  0.0002268130000; 161.5590;
15924935; 894170.2;  0.0002330020000; 162.6320;
15925255; 892440.7;  0.0002394360000; 160.9030;
15925565; 890711.4;  0.0002460860000; 160.1250;
15925885; 888982.3;  0.0002529560000; 159.5070;
15926215; 887253.3;  0.0002599160000; 161.9050;
15926535; 885524.4;  0.0002671400000; 160.4630;
15926845; 883795.7;  0.0002745460000; 161.0220;
15927165; 882067.1;  0.0002821460000; 161.3890;
15927495; 880338.7;  0.0002899230000; 162.2210;
15927815; 878610.5;  0.0002979310000; 162.0500;
15928125; 876882.4;  0.0003060990000; 163.3610;
15928445; 875154.4;  0.0003144420000; 164.4470;
15928775; 873426.6;  0.0003229260000; 166.2510;
15929095; 871699.0;  0.0003316380000; 166.3950;
15929405; 869971.5;  0.0003405440000; 167.2990;
15929725; 868244.1;  0.0003496050000; 168.9730;
15930055; 866516.9;  0.0003588530000; 170.0830;
15930375; 864789.9;  0.0003683360000; 170.4230;
15930685; 863063.0;  0.0003780380000; 171.1140;
15931005; 861336.2;  0.0003879570000; 171.9160;
15931335; 859609.7;  0.0003980880000; 172.8760;
15931655; 857883.2;  0.0004085100000; 172.6020;
15931965; 856156.9;  0.0004191900000; 172.9850;
15932285; 854430.8;  0.0004301820000; 172.6580;
15932615; 852704.9;  0.0004414140000; 173.5250;
15932935; 850979.0;  0.0004529600000; 173.3940;
15933255; 849253.4;  0.0004648120000; 173.4900;
15933565; 847527.9;  0.0004769840000; 173.5130;
15933875; 845883.4;  0.0004888640000; 173.8250;
15934195; 844158.2;  0.0005016080000; 174.5930;
15934515; 842433.1;  0.0005147140000; 174.3580;
15934835; 840708.3;  0.0005281150000; 175.1260;
15935155; 838983.5;  0.0005418310000; 175.7190;
15935475; 837259.0;  0.0005559350000; 175.4910;
15935795; 835534.5;  0.0005703870000; 175.8670;
15936115; 833810.3;  0.0005852120000; 176.0770;
15936435; 832086.2;  0.0006004020000; 176.4630;
15936755; 830362.2;  0.0006159900000; 176.5780;
15937075; 828638.4;  0.0006320000000; 176.5550;
15937395; 826914.8;  0.0006484030000; 176.9640;
15937715; 825191.3;  0.0006651260000; 178.2220;
15938035; 823468.0;  0.0006823040000; 178.1450;
15938355; 821744.9;  0.0006999530000; 178.0340;
15938675; 820021.9;  0.0007179390000; 179.3610;
15938995; 818299.1;  0.0007362550000; 180.7830;
15939315; 816576.4;  0.0007549790000; 181.5140;
15939635; 814853.9;  0.0007740630000; 182.7580;
15939955; 813131.6;  0.0007937650000; 181.6970;
15940275; 811409.4;  0.0008138820000; 182.6290;
15940595; 809687.3;  0.0008345720000; 182.2530;
15940915; 807965.5;  0.0008558750000; 181.6910;
15941235; 806243.8;  0.0008775980000; 182.8700;
15941555; 804522.3;  0.0008999110000; 182.7330;
15941875; 802800.9;  0.0009229710000; 181.5100;
15942195; 801079.7;  0.0009470890000; 178.2490;
15942515; 799358.6;  0.0009721950000; 175.9360;
15942835; 797637.7;  0.0009985060000; 172.5820;
15943155; 795917.0;  0.0010259200000; 170.3740;
15943475; 794196.5;  0.0010546900000; 166.9810;
15943795; 792476.1;  0.0010848700000; 163.9140;
15944115; 790755.9;  0.0011164600000; 161.3380;
15944435; 789035.8;  0.0011495600000; 158.6910;
15944755; 787315.9;  0.0011840100000; 157.1580;
15945075; 785596.2;  0.0012196400000; 156.6600;
15945395; 783876.6;  0.0012564000000; 156.5980;
15945715; 782157.2;  0.0012942600000; 156.7600;
15946035; 780438.0;  0.0013333200000; 156.6580;
15946355; 778719.0;  0.0013735800000; 156.7720;
15946675; 777000.1;  0.0014151000000; 156.7210;
15946995; 775281.4;  0.0014579500000; 156.6090;
15947315; 773562.8;  0.0015021100000; 156.6820;
15947635; 771844.4;  0.0015473800000; 157.6430;
15947955; 770126.2;  0.0015940400000; 157.6670;
15948275; 768408.2;  0.0016420400000; 158.0360;
15948595; 766690.3;  0.0016915200000; 158.0740;
15948915; 764972.6;  0.0017423600000; 158.6250;
15949235; 763255.1;  0.0017947000000; 158.8670;
15949555; 761537.7;  0.0018485200000; 159.2410;
15949875; 759820.5;  0.0019039100000; 159.5540;
15950195; 758103.5;  0.0019607300000; 160.3040;
15950495; 756467.1;  0.0020164200000; 160.4620;
15950815; 754750.5;  0.0020763600000; 161.2200;
15951135; 753034.0;  0.0021378200000; 162.0550;
15951465; 751317.6;  0.0022008600000; 162.7840;
15951785; 749601.5;  0.0022655700000; 163.3990;
15952095; 747885.5;  0.0023320800000; 163.8030;
15952415; 746169.7;  0.0024003200000; 164.4550;
15952745; 744454.0;  0.0024705000000; 164.7600;
15953065; 742738.6;  0.0025428100000; 164.7420;
15953375; 741023.3;  0.0026171000000; 165.1710;
15953695; 739308.2;  0.0026933400000; 165.8070;
15954025; 737593.3;  0.0027714900000; 166.5880;
15954345; 735878.5;  0.0028514500000; 167.6800;
15954655; 734163.9;  0.0029331700000; 168.9220;
15954975; 732449.5;  0.0030167600000; 170.0220;
15955305; 730735.3;  0.0031023300000; 170.9530;
15955625; 729021.3;  0.0031900800000; 171.5810;
15955935; 727307.4;  0.0032803900000; 171.5800;
15956255; 725593.7;  0.0033736600000; 171.0400;
15956585; 723880.2;  0.0034698800000; 170.6710;
15956905; 722166.9;  0.0035688900000; 170.7580;
15957215; 720453.7;  0.0036706400000; 171.0550;
15957535; 718740.8;  0.0037748900000; 171.8600;
15957865; 717028.0;  0.0038816700000; 172.6980;
15958185; 715315.4;  0.0039909300000; 173.6870;
15958495; 713603.0;  0.0041028600000; 174.4570;
15958815; 711890.7;  0.0042177000000; 174.9640;
15959135; 710178.7;  0.0043359100000; 174.9120;
15959465; 708466.8;  0.0044576300000; 174.7860;
15959785; 706755.1;  0.0045826900000; 175.0520;
15960095; 705043.6;  0.0047110600000; 175.4860;
15960415; 703332.3;  0.0048427500000; 176.0090;
15960745; 701621.2;  0.0049778500000; 176.5300;
15961065; 699910.2;  0.0051162600000; 177.2530;
15961375; 698199.5;  0.0052579700000; 178.0780;
15961695; 696488.9;  0.0054027400000; 179.2950;
15962025; 694778.5;  0.0055505500000; 180.5710;
15962345; 693068.3;  0.0057014900000; 181.8170;
15962655; 691358.3;  0.0058559400000; 182.6590;
15962975; 689648.5;  0.0060146900000; 182.7030;
15963305; 687938.9;  0.0061787600000; 181.7770;
15963625; 686229.4;  0.0063490800000; 180.0950;
15963935; 684520.2;  0.0065261700000; 178.2130;
15964255; 682811.1;  0.0067085600000; 178.0420;
15964585; 681102.2;  0.0068958400000; 178.3900;
15964905; 679393.5;  0.0070893700000; 177.6480;
15965215; 677685.1;  0.0072906500000; 175.8160;
15965535; 675976.8;  0.0075015600000; 172.8070;
15965865; 674268.6;  0.0077224800000; 169.9960;
15966185; 672560.7;  0.0079517600000; 168.8150;
15966495; 670853.0;  0.0081879800000; 168.8910;
15966815; 669145.5;  0.0084307500000; 169.3570;
15967255; 666851.3;  0.0087669500000; 171.1030;
15967565; 665144.3;  0.0090254700000; 170.6390;
15967885; 663437.4;  0.0092940000000; 169.3210;
15968215; 661730.7;  0.0095731600000; 167.9220;
15968535; 660024.3;  0.0098632600000; 166.6430;
15968845; 658318.0;  0.0101636000000; 166.0180;
15969165; 656611.9;  0.0104738000000; 165.7920;
15969495; 654906.1;  0.0107944000000; 165.4830;
15969815; 653200.4;  0.0111253000000; 165.4060;
15970125; 651494.9;  0.0114660000000; 165.7670;
15970445; 649789.7;  0.0118157000000; 166.5260;
15970775; 648084.6;  0.0121746000000; 167.3470;
15971095; 646379.7;  0.0125431000000; 168.1040;
15971405; 644675.1;  0.0129220000000; 168.5810;
15971725; 642970.6;  0.0133116000000; 169.0550;
15972055; 641266.4;  0.0137156000000; 168.1060;
15972375; 639562.4;  0.0141366000000; 166.4390;
15972685; 637858.5;  0.0145745000000; 165.1460;
15973005; 636154.9;  0.0150228000000; 166.4190;
15973335; 634451.5;  0.0154810000000; 167.9470;
15973655; 632748.3;  0.0159491000000; 169.5370;
15973965; 631045.3;  0.0164249000000; 171.9230;
15974285; 629342.5;  0.0169206000000; 170.1450;
15974615; 627640.0;  0.0174331000000; 169.7130;
15974935; 625937.6;  0.0179581000000; 170.8320;
15975255; 624235.5;  0.0184982000000; 171.2350;
15975565; 622533.5;  0.0190604000000; 169.6240;
15975885; 620831.8;  0.0196316000000; 172.1380;
15976215; 619130.3;  0.0202218000000; 171.7700;
15976535; 617429.0;  0.0208304000000; 171.7380;
15976845; 615728.0;  0.0214490000000; 174.1470;
15977165; 614027.1;  0.0220839000000; 174.8450;
15977495; 612326.5;  0.0227387000000; 174.7350;
15977815; 610626.1;  0.0234109000000; 175.4130;
15978125; 608925.9;  0.0241031000000; 175.5440;
15978445; 607226.0;  0.0248141000000; 176.0990;
15978775; 605526.2;  0.0255468000000; 176.1180;
15979095; 603826.7;  0.0263056000000; 175.2660;
15979405; 602127.5;  0.0270809000000; 176.7550;
15979725; 600428.4;  0.0278791000000; 176.9010;
15980055; 598729.6;  0.0286952000000; 178.2460;
15980375; 597031.0;  0.0295363000000; 178.2160;
15980685; 595332.6;  0.0304028000000; 178.2020;
15981005; 593634.4;  0.0313037000000; 176.6530;
15981335; 591936.5;  0.0322398000000; 175.2580;
15981655; 590238.8;  0.0332215000000; 172.3810;
15981965; 588541.4;  0.0342437000000; 170.7880;
15982285; 586844.2;  0.0353017000000; 170.2710;
15982615; 585147.2;  0.0364083000000; 168.0430;
15982935; 583450.5;  0.0375455000000; 168.8040;
15983255; 581754.0;  0.0387132000000; 169.6500;
15983565; 580057.8;  0.0399161000000; 169.9730;
15983875; 578441.3;  0.0410992000000; 169.7470;
15984195; 576745.5;  0.0423837000000; 169.3180;
15984515; 575050.0;  0.0437033000000; 170.1050;
15984835; 573354.7;  0.0450560000000; 171.2380;
15985155; 571659.7;  0.0464462000000; 171.9200;
15985475; 569964.9;  0.0478863000000; 171.2610;
15985795; 568270.4;  0.0493715000000; 171.3840;
15986115; 566576.1;  0.0509133000000; 170.3900;
15986435; 564882.1;  0.0525007000000; 170.8200;
15986755; 563188.3;  0.0541360000000; 171.1450;
15987075; 561494.8;  0.0558152000000; 171.9950;
15987395; 559801.6;  0.0575381000000; 172.9710;
15987715; 558108.6;  0.0593016000000; 174.3280;
15988035; 556415.9;  0.0611132000000; 175.0440;
15988355; 554723.5;  0.0629813000000; 175.1030;
15988675; 553031.3;  0.0649065000000; 175.2570;
15988995; 551339.4;  0.0668922000000; 175.2860;
15989315; 549647.8;  0.0689324000000; 175.9700;
15989635; 547956.5;  0.0710360000000; 176.0320;
15989955; 546265.4;  0.0732006000000; 176.4430;
15990275; 544574.6;  0.0754435000000; 175.6670;
15990595; 542884.1;  0.0777701000000; 174.7360;
15990915; 541193.8;  0.0801650000000; 175.1320;
15991235; 539503.9;  0.0826335000000; 175.3080;
15991555; 537814.2;  0.0851759000000; 175.6010;
15991875; 536124.9;  0.0877862000000; 176.4430;
15992195; 534435.8;  0.0904703000000; 177.0020;
15992515; 532747.0;  0.0932604000000; 175.6820;
15992835; 531058.5;  0.0961703000000; 173.8710;
15993155; 529370.3;  0.0991784000000; 173.6060;
15993475; 527682.5;  0.1022820000000; 173.6940;
15993795; 525994.9;  0.1054940000000; 173.2710;
15994115; 524307.6;  0.1088020000000; 173.6640;
15994435; 522620.7;  0.1122140000000; 173.7930;
15994755; 520934.1;  0.1157270000000; 174.2570;
15995075; 519247.8;  0.1193400000000; 174.8580;
15995395; 517561.8;  0.1230980000000; 173.5850;
15995715; 515876.1;  0.1270080000000; 172.2650;
15996035; 514190.8;  0.1311700000000; 167.2930;
15996355; 512505.8;  0.1354920000000; 166.5570;
15996675; 510821.2;  0.1399370000000; 167.4190;
15996995; 509136.9;  0.1445070000000; 168.3380;
15997315; 507453.0;  0.1492240000000; 168.5140;
15997635; 505769.4;  0.1541120000000; 168.1130;
15997955; 504086.1;  0.1593220000000; 163.2090;
15998275; 502403.3;  0.1649380000000; 156.8730;
15998595; 500720.8;  0.1708330000000; 154.9250;
15998915; 499038.6;  0.1768950000000; 156.1340;
15999235; 497356.9;  0.1831590000000; 156.6030;
15999555; 495675.6;  0.1897500000000; 154.2940;
15999875; 493994.7;  0.1966910000000; 152.0240;
16000195; 492314.2;  0.2038050000000; 153.8170;
16000495; 490712.8;  0.2108140000000; 154.0470;
16000815; 489033.1;  0.2185110000000; 152.6690;
16001145; 487353.9;  0.2264640000000; 153.2790;
16001455; 485675.1;  0.2347100000000; 153.3380;
16001785; 483996.7;  0.2432260000000; 153.9750;
16002095; 482318.8;  0.2520420000000; 154.2610;
16002425; 480641.3;  0.2611210000000; 155.3290;
16002735; 478964.4;  0.2704800000000; 156.1950;
16003065; 477287.9;  0.2801760000000; 156.2980;
16003375; 475611.9;  0.2902580000000; 155.8530;
16003705; 473936.4;  0.3006440000000; 156.8450;
16004015; 472261.4;  0.3113340000000; 157.9080;
16004345; 470586.9;  0.3223410000000; 158.9100;
16004655; 468912.9;  0.3337000000000; 159.5480;
16004985; 467239.5;  0.3455850000000; 158.0360;
16005295; 465566.6;  0.3578950000000; 158.1380;
16005625; 463894.3;  0.3705740000000; 159.0910;
16005935; 462222.5;  0.3837280000000; 158.9150;
16006265; 460551.3;  0.3973670000000; 158.8390;
16006575; 458880.8;  0.4114880000000; 158.9760;
16006905; 457210.8;  0.4260620000000; 159.6140;
16007215; 455541.4;  0.4410020000000; 161.2780;
16007545; 453872.6;  0.4563230000000; 162.8600;
16007855; 452204.5;  0.4721360000000; 163.3680;
16008185; 450537.0;  0.4886160000000; 162.3490;
16008495; 448870.2;  0.5058500000000; 160.8300;
16008815; 447204.1;  0.5237790000000; 160.1910;
16009145; 445538.7;  0.5424560000000; 159.3660;
16009455; 443873.9;  0.5616220000000; 160.8890;
16009785; 442210.0;  0.5815740000000; 160.1560;
16010095; 440546.7;  0.6021020000000; 161.2600;
16010425; 438884.2;  0.6232440000000; 162.1750;
16010735; 437222.5;  0.6449000000000; 163.9350;
16011065; 435561.7;  0.6671270000000; 165.3370;
16011375; 433901.6;  0.6900730000000; 165.7550;
16011705; 432242.3;  0.7136790000000; 166.7430;
16012015; 430583.9;  0.7379700000000; 167.6510;
16012345; 428926.3;  0.7629180000000; 168.8600;
16012655; 427269.6;  0.7886320000000; 169.4390;
16012985; 425613.8;  0.8152170000000; 169.5180;
16013295; 423958.9;  0.8428380000000; 168.7730;
16013625; 422304.9;  0.8718530000000; 166.2920;
16013935; 420652.0;  0.9017710000000; 166.8880;
16014265; 419000.0;  0.9326230000000; 167.4640;
16014575; 417349.0;  0.9644510000000; 167.9420;
16014905; 415699.0;  0.9977980000000; 165.9180;
16015215; 414050.1;  1.0321700000000; 166.6120;
16015545; 412402.3;  1.0674400000000; 167.9460;
16015855; 410755.7;  1.1038100000000; 168.5000;
16016185; 409110.2;  1.1413800000000; 168.7530;
16016495; 407465.8;  1.1800000000000; 169.7780;
16016815; 405822.7;  1.2196300000000; 171.0680;
16017125; 404257.8;  1.2583700000000; 172.1760;
16017445; 402617.0;  1.3006600000000; 171.0770;
16017765; 400977.6;  1.3445800000000; 170.3460;
16018085; 399339.5;  1.3899800000000; 170.4010;
16018405; 397702.8;  1.4373700000000; 168.8850;
16018725; 396067.5;  1.4863500000000; 168.9920;
16019045; 394433.6;  1.5367300000000; 169.9010;
16019365; 392801.2;  1.5885600000000; 170.7460;
16019685; 391170.3;  1.6420300000000; 171.1000;
16020005; 389540.9;  1.6968500000000; 172.4890;
16020325; 387913.2;  1.7531300000000; 173.6200;
16020645; 386287.0;  1.8109600000000; 174.5770;
16020965; 384662.6;  1.8705900000000; 174.8590;
16021285; 383039.8;  1.9321000000000; 175.1230;
16021605; 381418.7;  1.9957000000000; 174.9470;
16021925; 379799.4;  2.0613400000000; 175.0690;
16022245; 378181.9;  2.1291000000000; 175.1600;
16022565; 376566.3;  2.1986800000000; 176.1580;
16022885; 374952.7;  2.2702300000000; 176.8500;
16023205; 373341.0;  2.3433600000000; 178.5990;
16023525; 371731.2;  2.4188600000000; 178.5310;
16023845; 370123.6;  2.4966300000000; 178.8570;
16024165; 368518.0;  2.5766900000000; 179.2900;
16024485; 366914.5;  2.6587600000000; 180.4120;
16024805; 365313.3;  2.7434200000000; 180.3980;
16025125; 363714.3;  2.8317200000000; 178.4990;
16025445; 362117.6;  2.9229400000000; 178.2660;
16025765; 360523.3;  3.0167100000000; 178.9250;
16026085; 358931.4;  3.1128500000000; 179.9830;
16026405; 357342.1;  3.2108000000000; 182.1270;
16026725; 355755.3;  3.3125700000000; 180.7620;
16027045; 354171.1;  3.4177400000000; 180.3530;
16027365; 352589.5;  3.5259100000000; 180.8140;
16027685; 351010.8;  3.6369100000000; 181.6120;
16028005; 349434.8;  3.7512600000000; 181.7210;
16028325; 347861.7;  3.8689100000000; 182.0120;
16028645; 346291.6;  3.9899300000000; 182.3360;
16028965; 344724.5;  4.1143600000000; 182.7170;
16029285; 343160.4;  4.2426900000000; 182.5280;
16029605; 341599.6;  4.3751600000000; 182.1610;
16029925; 340041.9;  4.5117200000000; 182.0500;
16030245; 338487.7;  4.6522400000000; 182.2170;
16030565; 336936.8;  4.7973300000000; 181.7850;
16030885; 335389.4;  4.9461100000000; 182.5620;
16031205; 333845.6;  5.0989800000000; 182.9310;
16031525; 332305.5;  5.2562100000000; 183.1070;
16031845; 330769.1;  5.4183100000000; 182.8260;
16032165; 329236.6;  5.5846700000000; 183.3390;
16032485; 327708.0;  5.7556400000000; 183.5960;
16032805; 326183.4;  5.9318600000000; 183.2790;
16033125; 324662.9;  6.1132200000000; 183.2280;
16033445; 323146.7;  6.3000000000000; 183.0350;
16033755; 321705.5;  6.4826200000000; 183.2660;
16034065; 320197.8;  6.6789900000000; 183.9030;
16034395; 318694.5;  6.8806400000000; 184.1320;
16034705; 317195.9;  7.0877600000000; 184.2940;
16035035; 315702.0;  7.3006500000000; 184.2910;
16035345; 314212.9;  7.5197200000000; 184.0610;
16035675; 312728.7;  7.7450000000000; 183.9390;
16035985; 311249.5;  7.9765300000000; 183.8840;
16036315; 309775.5;  8.2143900000000; 183.8690;
16036625; 308306.7;  8.4588000000000; 183.8010;
16036955; 306843.3;  8.7091400000000; 184.2690;
16037265; 305385.3;  8.9648900000000; 185.1620;
16037595; 303933.0;  9.2269300000000; 185.4700;
16037905; 302486.3;  9.4957500000000; 185.5230;
16038235; 301045.4;  9.7724400000000; 184.9410;
16038545; 299610.4; 10.0570000000000; 184.4640;
16038875; 298181.5; 10.3483000000000; 184.8740;
16039185; 296758.7; 10.6458000000000; 185.5490;
16039515; 295342.2; 10.9505000000000; 185.7710;
16039825; 293932.0; 11.2624000000000; 185.9750;
16040155; 292528.3; 11.5820000000000; 185.9130;
16040465; 291131.2; 11.9098000000000; 185.7540;
16040795; 289740.8; 12.2453000000000; 185.9040;
16041105; 288357.3; 12.5887000000000; 185.9540;
16041435; 286980.7; 12.9403000000000; 185.9210;
16041755; 285611.2; 13.3001000000000; 185.9350;
16042065; 284248.8; 13.6682000000000; 186.0120;
16042395; 282893.8; 14.0447000000000; 186.0510;
16042705; 281546.2; 14.4291000000000; 186.3230;
16043035; 280206.2; 14.8222000000000; 186.3150;
16043345; 278873.8; 15.2236000000000; 186.5220;
16043675; 277549.2; 15.6339000000000; 186.4490;
16043985; 276232.4; 16.0533000000000; 186.3490;
16044315; 274923.7; 16.4816000000000; 186.3840;
16044625; 273623.0; 16.9196000000000; 186.1420;
16044955; 272330.5; 17.3668000000000; 186.1070;
16045265; 271046.4; 17.8231000000000; 186.1300;
16045595; 269770.8; 18.2881000000000; 186.3610;
16045905; 268503.6; 18.7614000000000; 186.7130;
16046235; 267245.2; 19.2436000000000; 186.8980;
16046545; 265995.4; 19.7344000000000; 187.1410;
16046875; 264754.4; 20.2339000000000; 187.3880;
16047185; 263522.4; 20.7425000000000; 187.4530;
16047515; 262299.3; 21.2611000000000; 187.2110;
16047825; 261085.3; 21.7898000000000; 186.9970;
16048155; 259880.5; 22.3293000000000; 186.5290;
16048465; 258685.0; 22.8786000000000; 186.3900;
16048795; 257498.8; 23.4376000000000; 186.3300;
16049105; 256322.1; 24.0067000000000; 186.1410;
16049435; 255154.9; 24.5849000000000; 186.2490;
16049755; 253997.4; 25.1728000000000; 186.1700;
16050065; 252849.5; 25.7686000000000; 186.6050;
16050375; 251764.6; 26.3461000000000; 186.1970;
16050695; 250635.8; 26.9617000000000; 186.1210;
16051015; 249516.9; 27.5846000000000; 186.7000;
16051335; 248407.9; 28.2145000000000; 187.3250;
16051655; 247308.8; 28.8538000000000; 187.1920;
16051975; 246219.7; 29.5010000000000; 187.4810;
16052295; 245140.6; 30.1555000000000; 187.9190;
16052615; 244071.5; 30.8200000000000; 187.5510;
16052935; 243012.5; 31.4937000000000; 187.4190;
16053255; 241963.5; 32.1787000000000; 186.6740;
16053575; 240924.6; 32.8760000000000; 185.6580;
16053895; 239896.0; 33.5804000000000; 186.0520;
16054215; 238877.5; 34.2933000000000; 185.9890;
16054535; 237869.4; 35.0137000000000; 186.1490;
16054855; 236871.4; 35.7395000000000; 186.8390;
16055175; 235883.7; 36.4748000000000; 186.3900;
16055495; 234906.1; 37.2212000000000; 185.6000;
16055815; 233938.8; 37.9753000000000; 185.5850;
16056135; 232981.8; 38.7375000000000; 185.4250;
16056455; 232035.0; 39.5085000000000; 185.0860;
16056775; 231098.4; 40.2877000000000; 184.8680;
16057095; 230172.0; 41.0737000000000; 184.9130;
16057415; 229255.9; 41.8687000000000; 184.4540;
16057735; 228349.9; 42.6698000000000; 184.5530;
16058055; 227454.1; 43.4779000000000; 184.4870;
16058375; 226568.5; 44.2924000000000; 184.4400;
16058695; 225692.9; 45.1128000000000; 184.5190;
16059015; 224827.3; 45.9404000000000; 184.2460;
16059335; 223971.8; 46.7749000000000; 184.0020;
16059655; 223126.2; 47.6143000000000; 184.1470;
16059975; 222290.5; 48.4583000000000; 184.3250;
16060295; 221464.6; 49.3058000000000; 184.6810;
16060615; 220648.5; 50.1590000000000; 184.5430;
16060935; 219842.1; 51.0183000000000; 184.2370;
16061255; 219045.4; 51.8843000000000; 183.8140;
16061575; 218258.2; 52.7561000000000; 183.5280;
16061895; 217480.5; 53.6342000000000; 183.0830;
16062215; 216712.4; 54.5200000000000; 182.3530;
16062535; 215953.6; 55.4105000000000; 182.1950;
16062855; 215204.3; 56.3075000000000; 181.6360;
16063175; 214464.2; 57.2095000000000; 181.3350;
16063495; 213733.4; 58.1155000000000; 181.1900;
16063815; 213011.8; 59.0267000000000; 180.7790;
16064135; 212299.2; 59.9434000000000; 180.2700;
16064455; 211595.7; 60.8637000000000; 180.1130;
16064775; 210901.2; 61.7869000000000; 180.0230;
16065095; 210215.5; 62.7121000000000; 180.1120;
16065415; 209538.5; 63.6399000000000; 180.0140;
16065735; 208870.3; 64.5707000000000; 179.7980;
16066055; 208210.6; 65.5029000000000; 179.8890;
16066375; 207559.4; 66.4363000000000; 179.9480;
16066695; 206916.5; 67.3708000000000; 179.9980;
16066995; 206311.6; 68.2619000000000; 180.0960;
16067325; 205684.8; 69.1983000000000; 180.0690;
16067645; 205066.1; 70.1389000000000; 179.4230;
16067965; 204455.4; 71.0802000000000; 179.4380;
16068285; 203852.6; 72.0213000000000; 179.5860;
16068605; 203257.6; 72.9657000000000; 179.0370;
16068925; 202670.2; 73.9106000000000; 178.9810;
16069245; 202090.5; 74.8544000000000; 179.2190;
16069565; 201518.3; 75.7974000000000; 179.3350;
16069885; 200953.4; 76.7398000000000; 179.4350;
16070205; 200395.9; 77.6809000000000; 179.6010;
16070525; 199845.5; 78.6209000000000; 179.7110;
16070845; 199302.2; 79.5593000000000; 179.8950;
16071155; 198765.8; 80.4989000000000; 179.5290;
16071475; 198236.4; 81.4382000000000; 179.4260;
16071795; 197713.7; 82.3783000000000; 179.0820;
16072115; 197197.7; 83.3172000000000; 179.0980;
16072435; 196688.3; 84.2544000000000; 179.1900;
16072755; 196185.4; 85.1913000000000; 178.9930;
16073075; 195688.9; 86.1276000000000; 178.8310;
16073395; 195198.7; 87.0630000000000; 178.7090;
16073715; 194714.8; 87.9974000000000; 178.5810;
16074035; 194237.0; 88.9286000000000; 178.8730;
16074355; 193765.2; 89.8568000000000; 179.0730;
16074675; 193299.4; 90.7822000000000; 179.2480;
16074995; 192839.5; 91.7056000000000; 179.2320;
16075325; 192385.3; 92.6263000000000; 179.3570;
16075645; 191936.7; 93.5464000000000; 179.0510;
16075965; 191493.8; 94.4651000000000; 178.8840;
16076285; 191056.4; 95.3805000000000; 179.0620;
16076605; 190624.4; 96.2923000000000; 179.2980;
16076925; 190197.7; 97.2013000000000; 179.3540;
16077245; 189776.3; 98.1098000000000; 178.9760;
16077565; 189360.0; 99.0156000000000; 178.9900;
16077885; 188948.8; 99.9187000000000; 179.0130;
16078205; 188542.7;100.8180000000000; 179.2270;
16078525; 188141.4;101.7140000000000; 179.3610;
16078845; 187745.0;102.6070000000000; 179.3920;
16079155; 187353.3;103.4980000000000; 179.1870;
16079475; 186966.4;104.3840000000000; 179.5680;
16079795; 186584.0;105.2680000000000; 179.5740;
16080115; 186206.2;106.1470000000000; 179.8220;
16080435; 185832.9;107.0230000000000; 179.8420;
16080755; 185464.0;107.8960000000000; 179.9080;
16081075; 185099.3;108.7690000000000; 179.2580;
16081395; 184739.0;109.6420000000000; 178.5290;
16081715; 184382.8;110.5150000000000; 178.0410;
16082035; 184030.8;111.3850000000000; 178.0500;
16082355; 183682.9;112.2520000000000; 177.8780;
16082675; 183339.0;113.1170000000000; 177.7310;
16082995; 182999.1;113.9810000000000; 177.2680;
16083325; 182663.1;114.8430000000000; 176.7950;
16083625; 182346.4;115.6620000000000; 176.7780;
16083945; 182017.9;116.5190000000000; 176.7730;
16084265; 181693.1;117.3720000000000; 176.6880;
16084585; 181372.1;118.2230000000000; 176.4070;
16084905; 181054.6;119.0740000000000; 175.9670;
16085225; 180740.7;119.9220000000000; 175.5850;
16085545; 180430.4;120.7670000000000; 175.6240;
16085865; 180123.6;121.6080000000000; 175.6370;
16086185; 179820.2;122.4470000000000; 175.4300;
16086505; 179520.1;123.2820000000000; 175.5540;
16086825; 179223.4;124.1140000000000; 175.3720;
16087145; 178930.0;124.9430000000000; 175.3440;
16087465; 178639.8;125.7680000000000; 175.4070;
16087785; 178352.7;126.5890000000000; 175.4230;
16088105; 178068.8;127.4080000000000; 175.1650;
16088425; 177787.9;128.2250000000000; 174.9450;
16088745; 177510.1;129.0390000000000; 174.7520;
16089065; 177235.3;129.8500000000000; 174.4930;
16089385; 176963.4;130.6590000000000; 174.4380;
16089705; 176694.4;131.4630000000000; 174.4860;
16090025; 176428.2;132.2630000000000; 174.7560;
16090345; 176164.9;133.0580000000000; 175.1130;
16090665; 175904.3;133.8480000000000; 175.4150;
16090985; 175646.4;134.6330000000000; 175.6410;
16091305; 175391.1;135.4160000000000; 175.3370;
16091625; 175138.5;136.1970000000000; 175.1450;
16091945; 174888.5;136.9750000000000; 175.0510;
16092265; 174641.0;137.7500000000000; 174.8830;
16092585; 174396.1;138.5210000000000; 175.0410;
16092905; 174153.6;139.2900000000000; 174.5990;
16093225; 173913.5;140.0590000000000; 173.9140;
16093545; 173675.9;140.8260000000000; 173.6620;
16093865; 173440.7;141.5900000000000; 173.4700;
16094185; 173207.8;142.3500000000000; 173.4930;
16094505; 172977.2;143.1070000000000; 173.5460;
16094825; 172748.9;143.8600000000000; 173.5930;
16095145; 172522.8;144.6120000000000; 173.2190;
16095465; 172299.0;145.3610000000000; 172.9990;
16095785; 172077.3;146.1080000000000; 172.7820;
16096105; 171857.8;146.8500000000000; 172.9010;
16096425; 171640.5;147.5900000000000; 172.6950;
16096745; 171425.2;148.3280000000000; 172.5520;
16097065; 171212.0;149.0630000000000; 172.2130;
16097385; 171000.9;149.7970000000000; 171.9810;
16097705; 170791.7;150.5270000000000; 171.8850;
16098025; 170584.6;151.2540000000000; 171.8160;
16098345; 170379.4;151.9770000000000; 171.9030;
16098665; 170176.2;152.6980000000000; 171.7380;
16098985; 169974.8;153.4160000000000; 171.7250;
16099305; 169775.3;154.1290000000000; 172.0080;
16099625; 169577.7;154.8380000000000; 172.1940;
16099945; 169381.9;155.5450000000000; 172.1090;
16100375; 169121.6;156.4930000000000; 171.4160;
16100695; 168929.9;157.1940000000000; 171.6620;
16101015; 168740.0;157.8900000000000; 172.0740;
16101335; 168551.8;158.5830000000000; 171.9110;
16101655; 168365.2;159.2730000000000; 172.1080;
16101975; 168180.3;159.9600000000000; 172.0080;
16102295; 167997.1;160.6460000000000; 171.3740;
16102615; 167815.5;161.3340000000000; 170.1060;
16102935; 167635.4;162.0240000000000; 169.1140;
16103255; 167456.9;162.7100000000000; 169.0680;
16103575; 167280.1;163.3940000000000; 168.8460;
16103895; 167104.7;164.0750000000000; 168.8700;
16104215; 166930.9;164.7530000000000; 168.9350;
16104535; 166758.6;165.4270000000000; 169.0450;
16104855; 166587.7;166.0990000000000; 169.0080;
16105175; 166418.3;166.7680000000000; 168.9110;
16105495; 166250.4;167.4320000000000; 169.2400;
16105815; 166083.9;168.0940000000000; 169.3920;
16106135; 165918.7;168.7510000000000; 169.4940;
16106455; 165755.0;169.4050000000000; 169.7620;
16106775; 165592.6;170.0560000000000; 169.8640;
16107095; 165431.5;170.7030000000000; 170.0900;
16107415; 165271.7;171.3470000000000; 170.2140;
16107735; 165113.3;171.9880000000000; 170.2600;
16108055; 164956.1;172.6250000000000; 170.6190;
16108375; 164800.1;173.2590000000000; 170.6540;
16108695; 164645.4;173.8890000000000; 170.7810;
16109015; 164491.9;174.5170000000000; 170.9390;
16109335; 164339.7;175.1420000000000; 171.0570;
16109655; 164188.6;175.7620000000000; 171.4290;
16109975; 164038.6;176.3800000000000; 171.6170;
16110295; 163889.9;176.9950000000000; 171.4440;
16110615; 163742.2;177.6080000000000; 171.4500;
16110935; 163595.7;178.2200000000000; 170.9920;
16111255; 163450.3;178.8310000000000; 170.7570;
16111575; 163305.9;179.4380000000000; 170.8520;
16111895; 163162.7;180.0450000000000; 170.4620;
16112215; 163020.5;180.6480000000000; 170.7820;
16112535; 162879.4;181.2510000000000; 170.0560;
16112855; 162739.3;181.8530000000000; 169.9380;
16113175; 162600.2;182.4530000000000; 169.5430;
16113495; 162462.2;183.0520000000000; 169.2650;
16113815; 162325.1;183.6480000000000; 169.4150;
16114135; 162189.1;184.2410000000000; 169.4420;
16114455; 162054.0;184.8310000000000; 169.8900;
16114775; 161919.9;185.4190000000000; 169.7770;
16115095; 161786.7;186.0030000000000; 170.1610;
16115415; 161654.5;186.5840000000000; 170.3020;
16115735; 161523.2;187.1660000000000; 169.7360;
16116055; 161392.7;187.7440000000000; 170.0150;
16116375; 161263.2;188.3190000000000; 170.2500;
16116695; 161134.6;188.8910000000000; 170.5550;
16116995; 161012.8;189.4330000000000; 170.9490;
16117325; 160885.9;190.0000000000000; 170.8910;
16117645; 160759.8;190.5630000000000; 171.1860;
16117965; 160634.5;191.1250000000000; 171.1170;
16118275; 160510.1;191.6850000000000; 171.2230;
16118595; 160386.5;192.2420000000000; 171.4670;
16118915; 160263.7;192.7970000000000; 171.4150;
16119245; 160141.6;193.3490000000000; 171.7180;
16119565; 160020.4;193.8980000000000; 171.8740;
16119875; 159899.9;194.4460000000000; 171.8080;
16120205; 159780.2;194.9920000000000; 171.9060;
16120515; 159661.2;195.5370000000000; 171.7940;
16120835; 159542.9;196.0780000000000; 172.1920;
16121165; 159425.4;196.6170000000000; 172.2960;
16121485; 159308.6;197.1550000000000; 172.1460;
16121795; 159192.5;197.6920000000000; 171.9960;
16122125; 159077.1;198.2260000000000; 172.0910;
16122445; 158962.3;198.7590000000000; 172.2510;
16122755; 158848.3;199.2910000000000; 171.7820;
16123085; 158734.9;199.8220000000000; 171.6750;
16123405; 158622.2;200.3490000000000; 172.3000;
16123715; 158510.1;200.8750000000000; 172.1820;
16124045; 158398.7;201.4000000000000; 172.0170;
16124355; 158287.9;201.9230000000000; 171.8980;
16124685; 158177.7;202.4480000000000; 171.0000;
16124995; 158068.2;202.9700000000000; 171.4350;
16125315; 157959.3;203.4880000000000; 172.2140;
16125645; 157850.9;204.0050000000000; 172.1660;
16125955; 157743.2;204.5200000000000; 172.0710;
16126285; 157636.1;205.0350000000000; 171.8620;
16126605; 157529.5;205.5500000000000; 170.9680;
16126925; 157423.6;206.0660000000000; 170.5930;
16127235; 157318.2;206.5770000000000; 171.5790;
