Lower Atmosphere State Properties:  Sounder Probe

ALTITUDE,      PRESSURE,      TEMPERATURE,   DENSITY,  
(KM)           (bars)         (K)            (kg/m3)   

64.83          .925E-01       246.3          .1964E+00 
64.00          .1078E+00      247.0          .2282E+00 
63.00          .1294E+00      249.3          .2716E+00 
62.00          .1551E+00      254.8          .3183E+00 
61.00          .1851E+00      259.7          .3728E+00 
60.00          .2199E+00      268.1          .4291E+00 
59.00          .2602E+00      272.0          .5004E+00 
58.00          .3073E+00      276.0          .5825E+00 
57.00          .3618E+00      281.3          .6732E+00 
56.00          .4247E+00      288.9          .7694E+00 
55.00          .4959E+00      299.4          .8671E+00 
54.00          .5760E+00      309.5          .9745E+00 
53.00          .6659E+00      319.8          .1091E+01 
52.00          .7665E+00      329.5          .1219E+01 
51.00          .8788E+00      338.7          .1360E+01 
50.00          .1004E+01      347.3          .1515E+01 
49.00          .1144E+01      355.3          .1688E+01 
48.00          .1299E+01      364.9          .1867E+01 
47.00          .1471E+01      371.8          .2075E+01 
46.00          .1662E+01      379.4          .2298E+01 
45.00          .1874E+01      384.4          .2558E+01 
44.00          .2109E+01      389.4          .2843E+01 
43.00          .2371E+01      394.8          .3153E+01 
42.00          .2661E+01      401.4          .3482E+01 
41.00          .2981E+01      407.9          .3839E+01 
40.00          .3334E+01      414.7          .4223E+01 
39.00          .3722E+01      421.6          .4638E+01 
38.00          .4147E+01      428.1          .5092E+01 
37.00          .4615E+01      435.1          .5575E+01 
36.00          .5125E+01      443.0          .6082E+01 
35.00          .5682E+01      450.3          .6636E+01 
34.00          .6289E+01      458.4          .7217E+01 
33.00          .6950E+01      466.3          .7841E+01 
32.00          .7666E+01      474.6          .8500E+01 
31.00          .8443E+01      482.9          .9200E+01 
30.00          .9283E+01      491.8          .9935E+01 
29.00          .1019E+02      500.5          .1072E+02 
28.00          .1117E+02      508.8          .1155E+02 
27.00          .1222E+02      517.1          .1244E+02 
26.00          .1336E+02      524.9          .1340E+02 
25.00          .1458E+02      533.7          .1438E+02 
24.00          .1589E+02      542.2          .1543E+02 
23.00          .1730E+02      550.5          .1654E+02 
22.00          .1880E+02      558.7          .1771E+02 
21.00          .2042E+02      567.0          .1895E+02 
20.00          .2214E+02      575.5          .2025E+02 
19.00          .2399E+02      583.7          .2162E+02 
18.00          .2596E+02      590.6          .2312E+02 
17.00          .2806E+02      598.7          .2466E+02 
16.00          .3031E+02      606.1          .2629E+02 
15.00          .3271E+02      613.9          .2799E+02 
14.00          .3526E+02      620.9          .2982E+02 
13.00          .3797E+02      627.8          .3175E+02 
12.00          .4086E+02      636.0          .3371E+02 
11.00          .4394E+02      642.6          .3586E+02 
10.00          .4720E+02      651.3          .3798E+02 
9.00           .5066E+02      658.5          .4028E+02 
8.00           .5432E+02      666.6          .4262E+02 
7.00           .5820E+02      673.9          .4514E+02 
6.00           .6231E+02      681.9          .4770E+02 
5.00           .6665E+02      690.1          .5037E+02 
4.00           .7123E+02      698.4          .5314E+02 
3.00           .7606E+02      706.3          .5602E+02 
2.00           .8115E+02      715.1          .5893E+02 
1.00           .8652E+02      722.7          .6208E+02 
0.00           .9216E+02      730.9          .6528E+02 

Altitudes are relative to the sounder probe landing site. R0=6052.0 km, 
g0=8.8694 m/s2, mu=43.44.                               
                                   
                                   
Lower Atmosphere State Properties:  Day Probe                                   

ALTITUDE,      PRESSURE,      TEMPERATURE,   PRESSURE,                 
(KM)           (bars)         (K)            (kg/m3)  
                                   
66.85          .6407E-01      233.2          .1436E+00 
66.00          .7551E-01      236.1          .1673E+00 
65.00          .9130E-01      239.4          .1995E+00 
64.00          .1102E+01      242.8          .2374E+00 
63.00          .1328E+00      246.2          .2820E+00 
62.00          .1595E+00      249.4          .3345E+00 
61.00          .1912E+00      252.8          .3955E+00 
60.00          .2285E+00      257.6          .4641E+00 
59.00          .2722E+00      263.9          .5395E+00 
58.00          .3227E+00      271.1          .6228E+00 
57.00          .3806E+00      280.9          .7091E+00 
56.00          .4464E+00      291.3          .8022E+00 
55.00          .5203E+00      302.6          .9004E+00 
54.00          .6034E+00      313.9          .1007E+01 
53.00          .6963E+00      323.9          .1126E+01 
52.00          .8000E+00      334.4          .1254E+01 
51.00          .9156E+00      343.2          .1398E+01 
50.00          .1044E+01      351.7          .1557E+01 
49.00          .1188E+01      360.5          .1727E+01 
48.00          .1347E+01      366.8          .1926E+01 
47.00          .1525E+01      372.3          .2148E+01 
46.00          .1723E+01      377.9          .2392E+01 
45.00          .1943E+01      384.7          .2650E+01 
44.00          .2187E+01      390.7          .2938E+01 
43.00          .2457E+01      396.6          .3253E+01 
42.00          .2756E+01      402.9          .3593E+01 
41.00          .3086E+01      410.1          .3953E+01 
40.00          .3449E+01      417.2          .4343E+01 
39.00          .3847E+01      424.7          .4761E+01 
38.00          .4283E+01      432.3          .5208E+01 
37.00          .4760E+01      439.9          .5689E+01 
36.00          .5281E+01      448.1          .6198E+01 
35.00          .5849E+01      455.7          .6751E+01 
34.00          .6466E+01      463.6          .7336E+01 
33.00          .7136E+01      472.6          .7943E+01 
32.00          .7862E+01      480.7          .8607E+01 
31.00          .8647E+01      489.1          .9305E+01 
30.00          .9497E+01      497.6          .1005E+02 
29.00          .1041E+02      506.3          .1083E+02 
28.00          .1140E+02      514.6          .1166E+02 
27.00          .1246E+02      523.2          .1254E+02 
26.00          .1361E+02      532.1          .1346E+02 
25.00          .1483E+02      540.2          .1446E+02 
24.00          .1615E+02      548.4          .1550E+02 
23.00          .1756E+02      557.6          .1658E+02 
22.00          .1907E+02      566.5          .1772E+02 
21.00          .2069E+02      574.7          .1894E+02 
20.00          .2241E+02      582.5          .2024E+02 
19.00          .2425E+02      591.3          .2158E+02 
18.00          .2622E+02      599.0          .2302E+02 
17.00          .2832E+02      606.6          .2454E+02 
16.00          .3055E+02      613.8          .2615E+02 
15.00          .3293E+02      620.7          .2787E+02 
14.00          .3547E+02      627.9          .2966E+02 
13.00          .3817E+02      634.7          .3156E+02 
12.00          .4105E+02      641.9          .3354E+02 
11.00          .4410E+02      649.5          .3559E+02 
10.00          .4734E+02      656.3          .3778E+02 
9.00           .5078E+02      663.8          .4003E+02 
8.00           .5442E+02      671.0          .4240E+02 
7.00           .5828E+02      678.2          .4489E+02 
6.00           .6237E+02      686.0          .4744E+02 
5.00           .6669E+02      693.4          .5014E+02 
4.00           .7125E+02      701.0          .5294E+02 
3.00           .7606E+02      709.0          .5578E+02 
2.00           .8113E+02      717.0          .5875E+02 
1.00           .8648E+02      724.7          .6185E+02 
0.00           .9210E+02      732.4          .6509E+02 
-0.10          .9268E+02      733.0          .6544E+02 

Altitudes are relative to the sounder probe landing site at 6052.0 km. 
R0=6051.9 km, g0=8.8697 m/s2, mu=43.44.                                
                                   
Lower Atmosphere State Properties:  North Probe                                 

ALTITUDE,      PRESSURE,     TEMPERATURE,    PRESSURE,              
(KM)           (bars)        (K)             (kg/m3)   
                                   
65.13          .9046E-01      238.3          .1985E+00 
65.00          .9279E-01      238.5          .2034E+00 
64.00          .1121E+00      241.3          .2430E+00 
63.00          .1350E+00      245.9          .2872E+00 
62.00          .1621E+00      251.1          .3378E+00 
61.00          .1939E+00      257.7          .3935E+00 
60.00          .2310E+00      261.9          .4614E+00 
59.00          .2744E+00      267.5          .5366E+00 
58.00          .3245E+00      274.8          .6179E+00 
57.00          .3823E+00      281.6          .7105E+00 
56.00          .4482E+00      291.8          .8040E+00 
55.00          .5226E+00      301.7          .9067E+00 
54.00          .6065E+00      311.6          .1019E+01 
53.00          .7005E+00      332.1          .1139E+01 
52.00          .8054E+00      322.0          .1271E+01 
51.00          .9227E+00      340.2          .1421E+01 
50.00          .1054E+01      348.7          .1584E+01 
49.00          .1199E+01      357.8          .1758E+01 
48.00          .1361E+01      366.9          .1945E+01 
47.00          .1540E+01      373.4          .2164E+01 
46.00          .1739E+01      379.1          .2407E+01 
45.00          .1961E+01      386.1          .2665E+01 
44.00          .2206E+01      392.3          .2952E+01 
43.00          .2478E+01      398.6          .3264E+01 
42.00          .2778E+01      404.8          .3604E+01 
41.00          .3109E+01      410.9          .3975E+01 
40.00          .3474E+01      416.7          .4380E+01 
39.00          .3877E+01      422.2          .4825E+01 
38.00          .4319E+01      430.9          .5268E+01 
37.00          .4801E+01      438.8          .5752E+01 
36.00          .5327E+01      448.0          .6253E+01 
35.00          .5899E+01      456.2          .6802E+01 
34.00          .6521E+01      464.1          .7391E+01 
33.00          .7196E+01      473.1          .8003E+01 
32.00          .7927E+01      481.5          .8663E+01 
31.00          .8717E+01      490.2          .9360E+01 
30.00          .9571E+01      499.0          .1010E+02 
29.00          .1049E+02      507.6          .1088E+02 
28.00          .1149E+02      516.0          .1172E+02 
27.00          .1255E+02      524.9          .1259E+02 
26.00          .1370E+02      533.0          .1353E+02 
25.00          .1493E+02      541.6          .1452E+02 
24.00          .1626E+02      550.1          .1556E+02 
23.00          .1767E+02      558.5          .1666E+02 
22.00          .1919E+02      566.8          .1782E+02 
21.00          .2081E+02      574.6          .1906E+02 
20.00          .2255E+02      582.8          .2036E+02 
19.00          .2440E+02      591.0          .2172E+02 
18.00          .2638E+02      599.3          .2315E+02 
17.00          .2849E+02      607.4          .2465E+02 
16.00          .3073E+02      616.5          .2619E+02 
15.00          .3311E+02      624.0          .2786E+02 
14.00          .3565E+02      631.4          .2963E+02 
13.00          .3835E+02      639.6          .3145E+02 
12.00          .4121E+02      646.8          .3340E+02 
11.00          .4425E+02      654.1          .3544E+02 
10.00          .4748E+02      660.8          .3761E+02 
9.00           .5090E+02      668.8          .3979E+02 
8.00           .5452E+02      676.5          .4211E+02 
7.00           .5836E+02      682.9          .4461E+02 
6.00           .6242E+02      689.8          .4720E+02 
5.00           .6671E+02      697.0          .4988E+02 
4.00           .7125E+02      704.6          .5263E+02 
3.00           .7604E+02      711.6          .5554E+02 
2.00           .8109E+02      719.1          .5852E+02 
1.00           .8642E+02      726.3          .6166E+02 
0.00           .9203E+02      733.8          .6489E+02 
-0.65          .9583E+02      738.5          .6708E+02 

Altitudes are relative to the sounder probe landing site at 6052. km. 
R0=6051.4 km, g0=8.8712 m/s2, mu=43.44.                                
                                   
Lower Atmosphere State Properties:  Night Probe  
                               
ALTITUDE,      PRESSURE,      TEMPERATURE,   PRESSURE,                     
(KM)           (bars)         (K)            (kg/m3)   
                                   
61.28          .1650E+00      234.0          .3687E+00 
61.00          .1739E+00      236.3          .3850E+00 
60.00          .2103E+00      243.1          .4522E+00 
59.00          .2528E+00      251.2          .5263E+00 
58.00          .3018E+00      262.4          .6018E+00 
57.00          .3580E+00      271.6          .6897E+00 
56.00          .4220E+00      282.2          .7826E+00 
55.00          .4946E+00      292.6          .8846E+00 
54.00          .5765E+00      303.2          .9954E+00 
53.00          .6685E+00      313.7          .1116E+01 
52.00          .7715E+00      323.7          .1248E+01 
51.00          .8865E+00      334.0          .1391E+01 
50.00          .1014E+01      344.1          .1545E+01 
49.00          .1157E+01      350.3          .1731E+01 
48.00          .1316E+01      358.8          .1924E+01 
47.00          .1494E+01      367.0          .2134E+01 
46.00          .1690E+01      375.0          .2364E+01 
45.00          .1907E+01      382.0          .2620E+01 
44.00          .2149E+01      387.6          .2910E+01 
43.00          .2417E+01      393.3          .3226E+01 
42.00          .2714E+01      400.2          .3561E+01 
41.00          .3041E+01      407.2          .3922E+01 
40.00          .3401E+01      414.5          .4311E+01 
39.00          .3797E+01      421.7          .4731E+01 
38.00          .4230E+01      429.3          .5179E+01 
37.00          .4705E+01      437.3          .5656E+01 
36.00          .5223E+01      445.3          .6167E+01 
35.00          .5787E+01      453.0          .6719E+01 
34.00          .6402E+01      461.1          .7302E+01 
33.00          .7070E+01      468.8          .7934E+01 
32.00          .7795E+01      476.8          .8602E+01 
31.00          .8581E+01      485.0          .9310E+01 
30.00          .9431E+01      493.1          .1007E+02 
29.00          .1035E+02      500.9          .1088E+02 
28.00          .1134E+02      509.4          .1172E+02 
27.00          .1241E+02      517.7          .1262E+02 
26.00          .1356E+02      526.6          .1356E+02 
25.00          .1480E+02      535.4          .1455E+02 
24.00          .1612E+02      543.5          .1562E+02 
23.00          .1755E+02      552.3          .1673E+02 
22.00          .1907E+02      560.7          .1790E+02 
21.00          .2070E+02      568.8          .1915E+02 
20.00          .2245E+02      577.0          .2047E+02 
19.00          .2431E+02      585.5          .2184E+02 
18.00          .2630E+02      593.5          .2331E+02 
17.00          .2842E+02      602.0          .2483E+02 
16.00          .3068E+02      610.7          .2641E+02 
15.00          .3308E+02      618.7          .2809E+02 
14.00          .3564E+02      626.7          .2986E+02 
13.00          .3836E+02      634.8          .3171E+02 
12.00          .4124E+02      643.5          .3361E+02 
11.00          .4430E+02      651.5          .3564E+02 
10.00          .4754E+02      659.4          .3774E+02 
9.00           .5097E+02      667.3          .3995E+02 
8.00           .5461E+02      675.2          .4226E+02 
7.00           .5845E+02      683.0          .4468E+02 
6.00           .6252E+02      690.8          .4720E+02 
5.00           .6681E+02      698.5          .4983E+02 
4.00           .7134E+02      706.2          .5256E+02 
3.00           .7612E+02      713.9          .5540E+02 
2.00           .8116E+02      721.5          .5835E+02 
1.00           .8647E+02      729.1          .6142E+02 
0.98           .8658E+02      729.3          .6148E+02 

Altitudes are relative to the sounder probe landing site at 6052.0 km. 
R0=6053.0 km, g0=8.8685 m/s2, mu=43.44.                                
                                   
State Properties of the Middle Atmosphere of Venus: Pioneer Venus Sounder Probe                               

ALTITUDE, PRESSURE,      TEMPERATURE,   PRESSURE,                     
(KM)      (bars)         (K)            (kg/m3)   
                                   
116       .5199E-06      190.2          .1405E-05 
114       .8255E-06      190.2          .2236E-05 
112       .1318E-05      190.2          .3577E-05 
110       .2075E-05      194.4          .5520E-05 
108       .3273E-05      196.3          .8630E-05 
106       .5171E-05      190.1          .1409E-04 
104       .8338E-05      183.0          .2363E-04 
102       .1362E-04      180.7          .3911E-04 
100       .2252E-04      174.1          .6718E-04 
98        .3773E-04      173.3          .1132E-03 
96        .6350E-04      168.9          .1957E-03 
94        .1078E-03      168.9          .3326E-03 
92        .1848E-03      167.1          .5768E-03 
90        .3168E-03      165.4          .9999E-03 
88        .5469E-03      165.2          .1728E-02 
86        .9402E-03      163.8          .2997E-02 
84        .1634E-02      164.7          .5184E-02 
82        .2757E-02      181.1          .7951E-02 
80        .4449E-02      195.8          .1188E-01 
79        .5577E-02      204.1          .1428E-01 
78        .6926E-02      212.4          .1704E-01 
77        .8553E-02      215.1          .2077E-01 
76        .1054E-01      216.9          .2540E-01 
75        .1296E-01      221.1          .3064E-01 
74        .1587E-01      227.3          .3647E-01 
73        .1934E-01      227.8          .4435E-01 
72        .2349E-01      233.5          .5256E-01 
71        .2850E-01      234.9          .6339E-01 
70        .3440E-01      243.5          .7381E-01 
69        .4166E-01      230.5          .9444E-01 

R0=6052.0 km, g0=8.2689 m/s2.                               
                                   
State Properties of the Middle Atmosphere of Venus: Pioneer Venus Day Probe                                   

ALTITUDE, PRESSURE,      TEMPERATURE,   PRESSURE,                   
(KM)      (bars)         (K)            (kg/m3)   
                                   
126       .5046E-07      201.3          .1269E-06 
124       .7428E-07      241.2          .1565E-06 
122       .1038E-06      278.0          .1902E-06 
120       .1470E-06      187.9          .4001E-06 
118       .2542E-06      151.8          .8584E-06 
116       .4571E-06      152.9          .1537E-05 
114       .7732E-06      181.3          .2197E-05 
112       .1229E-05      195.3          .3249E-05 
110       .1913E-05      198.5          .4984E-05 
108       .3013E-05      192.2          .8117E-05 
106       .4823E-05      185.1          .1350E-04 
104       .7813E-05      182.0          .2226E-04 
102       .1275E-04      179.9          .3680E-04 
100       .2140E-04      163.9          .6785E-04 
98        .3757E-04      157.9          .1237E-03 
96        .6621E-04      160.1          .2153E-03 
94        .1143E-03      166.8          .3571E-03 
92        .1946E-03      171.8          .5905E-03 
90        .3271E-03      171.4          .9964E-03 
88        .5469E-03      177.9          .1605E-02 
86        .9156E-03      170.7          .2801E-02 
84        .1539E-02      178.1          .4515E-02 
82        .2522E-02      184.6          .7135E-02 
80        .4040E-02      198.3          .1065E-01 
79        .5052E-02      205.5          .1284E-01 
78        .6279E-02      209.4          .1567E-01 
77        .7788E-02      209.4          .1943E-01 
76        .9655E-02      211.5          .2385E-01 
75        .1193E-01      216.5          .2878E-01 
74        .1466E-01      222.3          .3445E-01 
73        .1795E-01      223.0          .4204E-01 
72        .2196E-01      225.3          .5093E-01 
71        .2674E-01      231.9          .6025E-01 
70        .3257E-01      219.3          .7758E-01 

The altitude reference is the sounder probe landing site at 6052.0 km. 
R0=6051.9 km, g0=8.8697 m/s2.                               
                                   
State Properties of the Middle Atmosphere of Venus: Pioneer Venus North Probe                                 

ALTITUDE, PRESSURE,      TEMPERATURE,   PRESSURE,                              
(KM)      (bars)         (K)            (kg/m3)   
                                   
120       .6933E-07      209.0          .1696E-06 
118       .1235E-06      126.2          .5015E-06 
116       .2582E-06      118.9          .1116E-05 
114       .5291E-06      126.6          .2154E-05 
112       .1040E-05      138.2          .3885E-05 
110       .1851E-05      173.1          .5530E-05 
108       .3015E-05      190.2          .8205E-05 
106       .4788E-05      187.7          .1322E-04 
104       .7643E-05      187.2          .2118E-04 
102       .1247E-04      178.8          .3620E-04 
100       .2067E-04      178.6          .6013E-04 
98        .3383E-04      178.4          .9865E-04 
96        .5492E-04      185.0          .1545E-03 
94        .9039E-04      178.6          .2638E-03 
92        .1529E-03      163.4          .4882E-03 
90        .2678E-03      158.4          .8825E-03 
88        .4649E-03      166.9          .1454E-02 
86        .7932E-03      169.5          .2443E-02 
84        .1330E-02      181.3          .3831E-02 
82        .2141E-02      196.4          .5695E-02 
80        .3369E-02      202.3          .8700E-02 
79        .4201E-02      206.2          .1064E-01 
78        .5221E-02      209.7          .1300E-01 
77        .6458E-02      215.0          .1570E-01 
76        .7953E-02      219.2          .1896E-01 
75        .9752E-02      224.1          .2273E-01 
74        .1190E-01      229.7          .2706E-01 
73        .1447E-01      232.9          .3245E-01 
72        .1756E-01      233.5          .3929E-01 
71        .2132E-01      232.8          .4785E-01 
70        .2592E-01      231.3          .5853E-01 
69        .3152E-01      232.3          .7088E-01 
68        .3821E-01      235.3          .8482E-01 
67        .4650E-01      225.8          .1076E+00 
66        .5733E-01      205.6          .1457E+00 
65        .7108E-01      222.9          .1666E+00 

The altitude reference is the sounder probe landing site at 6052.0 km. 
R0=6053.0 km, g0=8.8665 m/s2.                               
