Height    Pressure            Temperature   nNH3x10 6/nt
(km)      (mbar)              (K) 

376.7          0.20           138.7          0.0
363.9          0.25           143.2          0.0 
350.7          0.32           147.3          0.0 
337.4          0.40           146.2          0.0 
324.3          0.50           143.8          0.0 
311.4          0.63           142.2          0.0                                        
298.6          0.79           141.2          0.0                                        
285.8          1.00           141.6          0.0                                        
273.0          1.26           142.5          0.0                                        
260.2          1.58           140.3          0.0                                        
247.7          2.00           137.7          0.0                                        
235.3          2.51           136.9          0.0                                        
223.1          3.16           133.4          0.0                                        
211.3          3.98           129.0          0.0                                        
199.9          5.01           123.5          0.0                                        
189.0          6.31           117.7          0.0                                        
178.7          7.94           112.0          0.0                                        
168.9          10.00          104.8          0.0                                        
159.8          12.59          99.5           0.0                                        
151.0          15.85          95.0           0.0                                        
142.8          19.95          90.5           0.0                                        
136.4          23.99          87.6           0.0                                        
130.2          28.84          85.3           0.0                                        
124.1          34.67          83.9           0.0                                        
118.1          41.69          83.1           0.0                                        
112.2          50.12          82.3           0.0                                        
106.3          60.26          82.0           0.0                                        
100.4          72.44          82.4           0.0                                        
94.4           87.10          82.7           0.0                                        
90.0           100.00         83.4           0.0                                        
85.5           114.82         84.3           0.0                                        
80.9           131.83         85.2           0.0                                        
76.3           151.36         86.3           0.0                                        
71.6           173.78         87.9           0.0                                        
66.9           199.53         89.8           0.0                                        
62.0           229.09         91.4           0.0                                        
58.7           251.19         92.4           0.0                                        
55.4           275.42         93.5           0.0                                        
52.0           302.00         94.8           0.0                                        
48.6           331.13         96.5           0.0                                        
45.1           363.08         98.4           0.0                                        
41.6           398.11         100.7          0.0                                        
37.9           436.52         103.2          0.0                                        
34.2           478.63         106.0          0.0                                        
32.3           501.19         107.5          0.0                                        
30.3           524.81         109.1          0.0                                        
28.4           549.54         110.7          0.0                                        
26.4           575.44         112.4          0.0                                        
24.4           602.56         114.1          0.0                                        
22.3           630.96         115.8          0.0                                        
20.2           660.69         117.6          0.0                                        
18.1           691.83         119.4          0.0                                        
16.0           724.44         121.3          0.0                                        
13.8           758.58         123.2          0.0                                        
11.6           794.33         125.0          0.0                                        
9.3            831.76         127.0          2.6                                        
7.0            870.96         128.9          5.1                                        
4.7            912.01         130.8          7.1                                        
2.4            954.99         132.8          9.5                                        
0.0            1000.00        134.8          10.9                                       
-2.4           1047.13        136.8          0.0                                        
-4.9           1096.48        138.9          21.2                                       
-7.4           1148.15        140.9          41.9                                       
-9.9           1202.26        142.9          49.2                                       
-12.5          1258.93        145.0          66.9                                       
-14.1          1298.48        146.2          0.0                                        

This table gives the temperature (Temperature), and the 
ammonia mixing ratio nNH3 X 10 /nt in parts per million as 
a function of the pressure level (Pressure) in Saturn's 
atmosphere. Also provided is the local altitude (Height) of 
the measurements relative to the 1-bar pressure level. The 
gas is assumed to consist of 94.00% H2 with the remainder 
being He and NH3. For other gas mixtures, one may scale the 
numerical data given here. The measurements were made during 
the ingress of Voyager 2.
